0 0 0 0 0 1 3 4 4 5 5 5 6 8 8 8 9 9 10 13 15 15 17 17 17 18 22 22 24 26 
0 0 0 1 2 2 4 4 4 6 8 8 8 11 12 17 18 19 19 19 19 19 19 19 22 23 23 26 26 28 
0 0 0 1 2 4 5 5 6 8 8 9 17 18 18 18 19 19 19 19 19 22 23 24 26 26 26 27 27 28 
0 0 1 1 3 8 8 8 8 9 12 14 18 18 19 19 19 19 19 19 20 25 26 26 27 27 29 29 30 30 
0 0 2 2 4 8 8 8 9 9 14 14 18 18 19 19 20 20 20 20 20 25 27 28 28 28 29 29 30 30 
0 0 2 2 5 8 8 9 9 13 14 15 18 18 19 20 20 22 22 22 25 25 28 28 28 28 29 29 30 30 
0 0 3 7 7 9 9 9 12 13 15 18 18 19 19 21 21 22 24 24 26 27 28 28 29 29 29 29 30 30 
0 2 4 7 7 9 9 13 14 17 18 20 21 21 21 21 22 23 25 25 26 27 29 29 29 30 30 30 30 30 
0 3 6 9 11 11 12 14 15 20 22 22 22 22 22 23 24 25 25 26 27 27 29 29 29 30 30 30 30 30 
1 4 6 11 11 12 14 16 16 20 22 22 23 23 23 25 25 25 25 26 27 28 29 29 30 30 30 30 30 30 
2 4 8 11 11 12 14 16 17 20 22 22 23 23 23 25 25 26 26 26 27 29 29 29 30 30 30 30 30 30 
2 6 9 11 12 13 14 16 18 20 22 22 23 23 24 25 25 26 26 27 29 29 30 30 30 30 30 30 30 30 
3 10 10 14 15 16 17 19 19 20 22 22 23 24 25 25 25 26 28 28 29 29 30 30 30 30 30 30 30 30 
8 12 14 15 17 17 18 21 21 22 23 24 24 24 25 25 26 26 29 29 29 30 30 30 30 30 30 30 30 30 
10 12 14 15 17 19 20 21 22 23 23 24 24 24 25 26 27 27 29 29 29 30 30 30 30 30 30 30 30 30 
11 12 17 17 20 20 21 22 22 23 23 24 24 24 25 26 27 28 29 29 30 30 30 30 30 30 30 30 30 30 
11 12 17 18 20 21 21 23 24 24 24 24 24 25 26 26 28 28 29 29 30 30 30 30 30 30 30 30 30 30 
14 16 18 18 21 21 21 23 24 24 24 24 26 27 27 27 28 29 29 29 30 30 30 30 30 30 30 30 30 30 
14 16 19 19 21 22 22 23 24 24 25 26 26 27 27 28 28 29 29 29 30 30 30 30 30 30 30 30 30 30 
17 17 20 21 22 22 22 24 25 25 27 27 27 28 28 28 28 29 29 29 30 30 30 30 30 30 30 30 30 30 
19 19 21 21 22 22 23 25 25 26 27 27 27 28 29 29 29 29 29 29 30 30 30 30 30 30 30 30 30 30 
19 19 22 22 22 23 24 25 26 26 27 28 28 28 29 29 29 29 29 30 30 30 30 30 30 30 30 30 30 30 
19 20 25 25 25 25 25 27 27 27 28 28 29 29 29 29 29 29 29 30 30 30 30 30 30 30 30 30 30 30 
19 22 25 25 25 25 27 27 27 27 28 28 29 29 29 29 29 29 29 30 30 30 30 30 30 30 30 30 30 30 
20 23 25 25 25 25 27 27 27 27 28 29 29 29 29 29 30 30 30 30 30 30 30 30 30 30 30 30 30 30 
20 23 25 26 26 26 27 27 27 28 28 29 29 30 30 30 30 30 30 30 30 30 30 30 30 30 30 30 30 30 
24 24 25 27 28 28 28 28 28 28 28 29 30 30 30 30 30 30 30 30 30 30 30 30 30 30 30 30 30 30 
24 24 25 27 28 28 29 29 30 30 30 30 30 30 30 30 30 30 30 30 30 30 30 30 30 30 30 30 30 30 
24 24 26 28 28 30 30 30 30 30 30 30 30 30 30 30 30 30 30 30 30 30 30 30 30 30 30 30 30 30 
28 29 29 30 30 30 30 30 30 30 30 30 30 30 30 30 30 30 30 30 30 30 30 30 30 30 30 30 30 30 
